54.86.150.220:8888 2017/05/16 04:12:58 Lookup 5017192e5d7461d1 -> 828fb11741fdc848 Succeeded 4 0.006342
54.86.150.220:8888 2017/05/16 04:12:58 Lookup 5017192e5d7461d1 -> c5de7240f964c0e6 Succeeded 5 0.010255
54.86.150.220:8888 2017/05/16 04:12:58 Lookup 5017192e5d7461d1 -> a74c98ef90249b49 Succeeded 4 0.008580
54.86.150.220:8888 2017/05/16 04:12:58 Lookup 5017192e5d7461d1 -> c7026f067b441b94 Succeeded 5 0.012060
54.86.150.220:8888 2017/05/16 04:12:58 Lookup 5017192e5d7461d1 -> c45af15ac576efc7 Succeeded 4 0.009714
54.86.150.220:8888 2017/05/16 04:12:58 Lookup 5017192e5d7461d1 -> d75b29e62a3b5ccd Succeeded 4 0.008079
54.86.150.220:8888 2017/05/16 04:12:58 Lookup 5017192e5d7461d1 -> 6a3ec1ddc1791952 Succeeded 3 0.006865
54.86.150.220:8888 2017/05/16 04:12:58 Lookup 5017192e5d7461d1 -> ad00e0ee0ba63692 Succeeded 5 0.006972
54.86.150.220:8888 2017/05/16 04:12:58 Lookup 5017192e5d7461d1 -> 2de24a54e2fca68d Succeeded 5 0.007381
54.86.150.220:8888 2017/05/16 04:12:58 Lookup 5017192e5d7461d1 -> cd11cd12454c3de0 Succeeded 5 0.014844
54.86.150.220:8888 2017/05/16 04:12:58 Lookup 5017192e5d7461d1 -> 9b8f3314b4565352 Succeeded 3 0.009769
54.86.150.220:8888 2017/05/16 04:12:58 Lookup 5017192e5d7461d1 -> df6c5958eb226f7a Succeeded 3 0.005373
54.86.150.220:8888 2017/05/16 04:12:58 Lookup 5017192e5d7461d1 -> 830841d118e963d0 Succeeded 4 0.005838
54.86.150.220:8888 2017/05/16 04:12:58 Lookup 5017192e5d7461d1 -> d6a91613799a1235 Succeeded 2 0.003706
54.86.150.220:8888 2017/05/16 04:12:58 Lookup 5017192e5d7461d1 -> f517735e92367ac4 Succeeded 4 0.009031
54.86.150.220:8888 2017/05/16 04:12:58 Lookup 5017192e5d7461d1 -> e77bff8764562c9e Succeeded 4 0.005366
