54.227.43.0:8888 2017/05/16 04:12:58 Lookup 7e8d729e42232567 -> 4a407b59c760177e Succeeded 5 0.013139
54.227.43.0:8888 2017/05/16 04:12:58 Lookup 7e8d729e42232567 -> ce06b048ac7552ad Succeeded 3 0.007978
54.227.43.0:8888 2017/05/16 04:12:58 Lookup 7e8d729e42232567 -> c91be3104180100d Succeeded 3 0.009879
54.227.43.0:8888 2017/05/16 04:12:58 Lookup 7e8d729e42232567 -> c5e7ad9ee4955b6e Succeeded 3 0.007218
54.227.43.0:8888 2017/05/16 04:12:58 Lookup 7e8d729e42232567 -> 828fb11741fdc848 Succeeded 2 0.004614
54.227.43.0:8888 2017/05/16 04:12:58 Lookup 7e8d729e42232567 -> c5de7240f964c0e6 Succeeded 3 0.006317
54.227.43.0:8888 2017/05/16 04:12:58 Lookup 7e8d729e42232567 -> a74c98ef90249b49 Succeeded 3 0.004618
54.227.43.0:8888 2017/05/16 04:12:58 Lookup 7e8d729e42232567 -> 3da16079f58f5418 Succeeded 5 0.009740
54.227.43.0:8888 2017/05/16 04:12:58 Lookup 7e8d729e42232567 -> c7026f067b441b94 Succeeded 3 0.010768
54.227.43.0:8888 2017/05/16 04:12:58 Lookup 7e8d729e42232567 -> d75b29e62a3b5ccd Succeeded 5 0.009723
54.227.43.0:8888 2017/05/16 04:12:58 Lookup 7e8d729e42232567 -> 6a3ec1ddc1791952 Succeeded 7 0.014160
54.227.43.0:8888 2017/05/16 04:12:58 Lookup 7e8d729e42232567 -> ad00e0ee0ba63692 Succeeded 4 0.011359
54.227.43.0:8888 2017/05/16 04:12:58 Lookup 7e8d729e42232567 -> 2de24a54e2fca68d Succeeded 5 0.008723
54.227.43.0:8888 2017/05/16 04:12:58 Lookup 7e8d729e42232567 -> 9b8f3314b4565352 Succeeded 3 0.006797
54.227.43.0:8888 2017/05/16 04:12:58 Lookup 7e8d729e42232567 -> 4395a5a316e34fe0 Succeeded 5 0.008387
54.227.43.0:8888 2017/05/16 04:12:58 Lookup 7e8d729e42232567 -> d6a91613799a1235 Succeeded 3 0.004791
