54.234.233.159:8888 2017/05/16 04:12:58 Lookup bfdb29825280148d -> 8a29d550f65a215d Succeeded 6 0.011748
54.234.233.159:8888 2017/05/16 04:12:58 Lookup bfdb29825280148d -> d018b8227af31db7 Succeeded 3 0.008074
54.234.233.159:8888 2017/05/16 04:12:58 Lookup bfdb29825280148d -> 31945e4113408315 Succeeded 5 0.015427
54.234.233.159:8888 2017/05/16 04:12:58 Lookup bfdb29825280148d -> bce76d50e1c513aa Succeeded 5 0.010206
54.234.233.159:8888 2017/05/16 04:12:58 Lookup bfdb29825280148d -> 63f06c51ab905a3f Succeeded 4 0.008132
54.234.233.159:8888 2017/05/16 04:12:58 Lookup bfdb29825280148d -> 63d137366f7fbbbf Succeeded 4 0.008871
54.234.233.159:8888 2017/05/16 04:12:58 Lookup bfdb29825280148d -> 37365dfe5b111c69 Succeeded 5 0.012982
54.234.233.159:8888 2017/05/16 04:12:58 Lookup bfdb29825280148d -> 230051284c153a84 Succeeded 5 0.010691
54.234.233.159:8888 2017/05/16 04:12:58 Lookup bfdb29825280148d -> 6877b5100081c7e9 Succeeded 5 0.007000
54.234.233.159:8888 2017/05/16 04:12:58 Lookup bfdb29825280148d -> 7bd4e612d3ec5674 Succeeded 5 0.008004
54.234.233.159:8888 2017/05/16 04:12:58 Lookup bfdb29825280148d -> 7aeda23aca0c8018 Succeeded 5 0.010544
54.234.233.159:8888 2017/05/16 04:12:58 Lookup bfdb29825280148d -> 7dbb0c2de6524bbf Succeeded 5 0.008007
54.234.233.159:8888 2017/05/16 04:12:58 Lookup bfdb29825280148d -> cdf6854e10a54c3e Succeeded 2 0.004811
54.234.233.159:8888 2017/05/16 04:12:58 Lookup bfdb29825280148d -> b2574847e8a01e20 Succeeded 6 0.009166
54.234.233.159:8888 2017/05/16 04:12:58 Lookup bfdb29825280148d -> 226f4a46330236a5 Succeeded 5 0.007861
54.234.233.159:8888 2017/05/16 04:12:58 Lookup bfdb29825280148d -> 70639c02f49190c3 Succeeded 5 0.007522
