54.236.254.192:8888 2017/05/16 04:12:58 Lookup 84ed733fbbc44f7e -> f743494701f1ddec Succeeded 4 0.007936
54.236.254.192:8888 2017/05/16 04:12:58 Lookup 84ed733fbbc44f7e -> 3ea5ef7c1368414a Succeeded 4 0.007700
54.236.254.192:8888 2017/05/16 04:12:58 Lookup 84ed733fbbc44f7e -> ac75bb6e1fd5e2c0 Succeeded 4 0.008518
54.236.254.192:8888 2017/05/16 04:12:58 Lookup 84ed733fbbc44f7e -> 7807fb4038299f9f Succeeded 6 0.011829
54.236.254.192:8888 2017/05/16 04:12:58 Lookup 84ed733fbbc44f7e -> 4d2ebd03765101aa Succeeded 4 0.007123
54.236.254.192:8888 2017/05/16 04:12:58 Lookup 84ed733fbbc44f7e -> 4a407b59c760177e Succeeded 4 0.007722
54.236.254.192:8888 2017/05/16 04:12:58 Lookup 84ed733fbbc44f7e -> 189500148ae5bfa0 Succeeded 3 0.005268
54.236.254.192:8888 2017/05/16 04:12:58 Lookup 84ed733fbbc44f7e -> ce06b048ac7552ad Succeeded 3 0.005105
54.236.254.192:8888 2017/05/16 04:12:58 Lookup 84ed733fbbc44f7e -> c91be3104180100d Succeeded 2 0.007688
54.236.254.192:8888 2017/05/16 04:12:58 Lookup 84ed733fbbc44f7e -> 828fb11741fdc848 Succeeded 0 0.000005
54.236.254.192:8888 2017/05/16 04:12:58 Lookup 84ed733fbbc44f7e -> c5de7240f964c0e6 Succeeded 2 0.008423
54.236.254.192:8888 2017/05/16 04:12:58 Lookup 84ed733fbbc44f7e -> a74c98ef90249b49 Succeeded 3 0.008746
54.236.254.192:8888 2017/05/16 04:12:58 Lookup 84ed733fbbc44f7e -> 3da16079f58f5418 Succeeded 4 0.009672
54.236.254.192:8888 2017/05/16 04:12:58 Lookup 84ed733fbbc44f7e -> c45af15ac576efc7 Succeeded 4 0.009390
54.236.254.192:8888 2017/05/16 04:12:58 Lookup 84ed733fbbc44f7e -> d75b29e62a3b5ccd Succeeded 5 0.009010
54.236.254.192:8888 2017/05/16 04:12:58 Lookup 84ed733fbbc44f7e -> 6a3ec1ddc1791952 Succeeded 6 0.009773
