52.70.4.216:8888 2017/05/16 04:12:58 Lookup 2bd125db26a2ef2d -> c0cbe6f6784edd19 Succeeded 4 0.006770
52.70.4.216:8888 2017/05/16 04:12:58 Lookup 2bd125db26a2ef2d -> cc64300727711eab Succeeded 4 0.009331
52.70.4.216:8888 2017/05/16 04:12:58 Lookup 2bd125db26a2ef2d -> 5a44feb381dc5918 Succeeded 3 0.007276
52.70.4.216:8888 2017/05/16 04:12:58 Lookup 2bd125db26a2ef2d -> 78949ae5f4f836a6 Succeeded 4 0.006969
52.70.4.216:8888 2017/05/16 04:12:58 Lookup 2bd125db26a2ef2d -> 267ed15936fb7150 Succeeded 6 0.008336
52.70.4.216:8888 2017/05/16 04:12:58 Lookup 2bd125db26a2ef2d -> 2dd62cacdf6b9521 Succeeded 1 0.002119
52.70.4.216:8888 2017/05/16 04:12:58 Lookup 2bd125db26a2ef2d -> c4843f2098e81254 Succeeded 4 0.006904
52.70.4.216:8888 2017/05/16 04:12:58 Lookup 2bd125db26a2ef2d -> 375398a6df168737 Succeeded 2 0.006105
52.70.4.216:8888 2017/05/16 04:12:58 Lookup 2bd125db26a2ef2d -> ded1bdb4490c28b7 Succeeded 5 0.008410
52.70.4.216:8888 2017/05/16 04:12:58 Lookup 2bd125db26a2ef2d -> 6ac3166b00b9391a Succeeded 4 0.006371
52.70.4.216:8888 2017/05/16 04:12:58 Lookup 2bd125db26a2ef2d -> 6a2d765fb487dc15 Succeeded 4 0.006448
52.70.4.216:8888 2017/05/16 04:12:58 Lookup 2bd125db26a2ef2d -> 45cc4944709634d0 Succeeded 2 0.006349
52.70.4.216:8888 2017/05/16 04:12:58 Lookup 2bd125db26a2ef2d -> ad1cf612aca6ed4a Succeeded 2 0.003407
52.70.4.216:8888 2017/05/16 04:12:58 Lookup 2bd125db26a2ef2d -> e74e94d8e0cea96b Succeeded 5 0.008084
52.70.4.216:8888 2017/05/16 04:12:58 Lookup 2bd125db26a2ef2d -> 7912e3a195eba10b Succeeded 4 0.010049
52.70.4.216:8888 2017/05/16 04:12:58 Lookup 2bd125db26a2ef2d -> 9a2df9bcd6b8b7de Succeeded 3 0.005323
