54.84.165.65:8888 2017/05/14 21:30:25 Lookup 4ac6ecad3ad97c47 -> 7fa1b4e15e2dc712 Succeeded 3 0.005250
54.84.165.65:8888 2017/05/14 21:30:25 Lookup 4ac6ecad3ad97c47 -> 0615b463d99a4c81 Succeeded 5 0.006546
54.84.165.65:8888 2017/05/14 21:30:25 Lookup 4ac6ecad3ad97c47 -> 67b3fc7899585fb4 Succeeded 3 0.004271
54.84.165.65:8888 2017/05/14 21:30:25 Lookup 4ac6ecad3ad97c47 -> 37ada2abd1c5b630 Succeeded 5 0.007131
54.84.165.65:8888 2017/05/14 21:30:25 Lookup 4ac6ecad3ad97c47 -> 1834fa49d0b0c7ba Succeeded 3 0.004156
54.84.165.65:8888 2017/05/14 21:30:25 Lookup 4ac6ecad3ad97c47 -> d3d0cb0fcab4f4ee Succeeded 4 0.006878
54.84.165.65:8888 2017/05/14 21:30:25 Lookup 4ac6ecad3ad97c47 -> a79af3e1b571380f Succeeded 5 0.007369
54.84.165.65:8888 2017/05/14 21:30:25 Lookup 4ac6ecad3ad97c47 -> 99289c41e38b22b0 Succeeded 3 0.003532
54.84.165.65:8888 2017/05/14 21:30:25 Lookup 4ac6ecad3ad97c47 -> ac83aaa3d5c0b0f8 Succeeded 4 0.005398
54.84.165.65:8888 2017/05/14 21:30:25 Lookup 4ac6ecad3ad97c47 -> de49840bc90e5c52 Succeeded 3 0.003383
54.84.165.65:8888 2017/05/14 21:30:25 Lookup 4ac6ecad3ad97c47 -> cd4edfc5aa5da312 Succeeded 3 0.003931
54.84.165.65:8888 2017/05/14 21:30:25 Lookup 4ac6ecad3ad97c47 -> 9b58a7fc5d0606c4 Succeeded 4 0.004964
54.84.165.65:8888 2017/05/14 21:30:25 Lookup 4ac6ecad3ad97c47 -> d88bd6c8df095d8c Succeeded 3 0.003989
54.84.165.65:8888 2017/05/14 21:30:25 Lookup 4ac6ecad3ad97c47 -> cfcfa8d5ec5fe107 Succeeded 3 0.004389
54.84.165.65:8888 2017/05/14 21:30:25 Lookup 4ac6ecad3ad97c47 -> f8f4778ef696f2d3 Succeeded 4 0.007238
54.84.165.65:8888 2017/05/14 21:30:25 Lookup 4ac6ecad3ad97c47 -> db6f6404c5dcdc43 Succeeded 3 0.003256
