54.236.111.229:8888 2017/05/14 21:30:25 Lookup abda031a77ac45f2 -> 38ca62a9659e4a2b Succeeded 3 0.005244
54.236.111.229:8888 2017/05/14 21:30:25 Lookup abda031a77ac45f2 -> b74c495569d7353a Succeeded 3 0.004121
54.236.111.229:8888 2017/05/14 21:30:25 Lookup abda031a77ac45f2 -> d79bcc12a4bee0aa Succeeded 3 0.003289
54.236.111.229:8888 2017/05/14 21:30:25 Lookup abda031a77ac45f2 -> f3dcc4399141d24a Succeeded 3 0.004460
54.236.111.229:8888 2017/05/14 21:30:25 Lookup abda031a77ac45f2 -> 7d078c798bec47a5 Succeeded 4 0.008279
54.236.111.229:8888 2017/05/14 21:30:25 Lookup abda031a77ac45f2 -> 7a8e65ff080225ea Succeeded 4 0.007797
54.236.111.229:8888 2017/05/14 21:30:25 Lookup abda031a77ac45f2 -> 6abdfb5060d0b20f Succeeded 5 0.008379
54.236.111.229:8888 2017/05/14 21:30:25 Lookup abda031a77ac45f2 -> 1d82c215f6fc7e39 Succeeded 5 0.006931
54.236.111.229:8888 2017/05/14 21:30:25 Lookup abda031a77ac45f2 -> 8efe5132803b474a Succeeded 6 0.007967
54.236.111.229:8888 2017/05/14 21:30:25 Lookup abda031a77ac45f2 -> b696ac6ab0903b65 Succeeded 3 0.004329
54.236.111.229:8888 2017/05/14 21:30:25 Lookup abda031a77ac45f2 -> 4d293bf16030e027 Succeeded 3 0.004351
54.236.111.229:8888 2017/05/14 21:30:25 Lookup abda031a77ac45f2 -> d97133293c93db4e Succeeded 3 0.005000
54.236.111.229:8888 2017/05/14 21:30:25 Lookup abda031a77ac45f2 -> e53de7029d4d65b2 Succeeded 6 0.008916
54.236.111.229:8888 2017/05/14 21:30:25 Lookup abda031a77ac45f2 -> ee0c81045d7eb2d5 Succeeded 2 0.002544
54.236.111.229:8888 2017/05/14 21:30:25 Lookup abda031a77ac45f2 -> 986de0980cbf4389 Succeeded 5 0.007611
54.236.111.229:8888 2017/05/14 21:30:25 Lookup abda031a77ac45f2 -> f908c8082ba3ab0e Succeeded 3 0.005460
