52.86.163.210:8888 2017/05/16 04:12:58 Lookup d7201763d9398584 -> 4a407b59c760177e Succeeded 4 0.006552
52.86.163.210:8888 2017/05/16 04:12:58 Lookup d7201763d9398584 -> 189500148ae5bfa0 Succeeded 4 0.007221
52.86.163.210:8888 2017/05/16 04:12:58 Lookup d7201763d9398584 -> c91be3104180100d Succeeded 6 0.014803
52.86.163.210:8888 2017/05/16 04:12:58 Lookup d7201763d9398584 -> c5e7ad9ee4955b6e Succeeded 6 0.012445
52.86.163.210:8888 2017/05/16 04:12:58 Lookup d7201763d9398584 -> 828fb11741fdc848 Succeeded 5 0.011293
52.86.163.210:8888 2017/05/16 04:12:58 Lookup d7201763d9398584 -> c5de7240f964c0e6 Succeeded 6 0.014776
52.86.163.210:8888 2017/05/16 04:12:58 Lookup d7201763d9398584 -> 3da16079f58f5418 Succeeded 4 0.007164
52.86.163.210:8888 2017/05/16 04:12:58 Lookup d7201763d9398584 -> c7026f067b441b94 Succeeded 6 0.017421
52.86.163.210:8888 2017/05/16 04:12:58 Lookup d7201763d9398584 -> c45af15ac576efc7 Succeeded 5 0.008064
52.86.163.210:8888 2017/05/16 04:12:58 Lookup d7201763d9398584 -> d75b29e62a3b5ccd Succeeded 1 0.002419
52.86.163.210:8888 2017/05/16 04:12:58 Lookup d7201763d9398584 -> 6a3ec1ddc1791952 Succeeded 3 0.005224
52.86.163.210:8888 2017/05/16 04:12:58 Lookup d7201763d9398584 -> ad00e0ee0ba63692 Succeeded 5 0.006896
52.86.163.210:8888 2017/05/16 04:12:58 Lookup d7201763d9398584 -> 2de24a54e2fca68d Succeeded 4 0.009407
52.86.163.210:8888 2017/05/16 04:12:58 Lookup d7201763d9398584 -> cd11cd12454c3de0 Succeeded 6 0.009750
52.86.163.210:8888 2017/05/16 04:12:58 Lookup d7201763d9398584 -> df6c5958eb226f7a Succeeded 2 0.003584
52.86.163.210:8888 2017/05/16 04:12:58 Lookup d7201763d9398584 -> 4395a5a316e34fe0 Succeeded 3 0.004361
