52.207.49.41:8888 2017/05/16 04:12:58 Lookup 76a5f51399c92429 -> 828fb11741fdc848 Succeeded 2 0.004187
52.207.49.41:8888 2017/05/16 04:12:58 Lookup 76a5f51399c92429 -> c5de7240f964c0e6 Succeeded 4 0.005938
52.207.49.41:8888 2017/05/16 04:12:58 Lookup 76a5f51399c92429 -> a74c98ef90249b49 Succeeded 4 0.007370
52.207.49.41:8888 2017/05/16 04:12:58 Lookup 76a5f51399c92429 -> 3da16079f58f5418 Succeeded 5 0.007528
52.207.49.41:8888 2017/05/16 04:12:58 Lookup 76a5f51399c92429 -> c7026f067b441b94 Succeeded 4 0.012652
52.207.49.41:8888 2017/05/16 04:12:58 Lookup 76a5f51399c92429 -> 6a3ec1ddc1791952 Succeeded 5 0.006748
52.207.49.41:8888 2017/05/16 04:12:58 Lookup 76a5f51399c92429 -> ad00e0ee0ba63692 Succeeded 3 0.004463
52.207.49.41:8888 2017/05/16 04:12:58 Lookup 76a5f51399c92429 -> 2de24a54e2fca68d Succeeded 5 0.010411
52.207.49.41:8888 2017/05/16 04:12:58 Lookup 76a5f51399c92429 -> cd11cd12454c3de0 Succeeded 4 0.014277
52.207.49.41:8888 2017/05/16 04:12:58 Lookup 76a5f51399c92429 -> 9b8f3314b4565352 Succeeded 2 0.003342
52.207.49.41:8888 2017/05/16 04:12:58 Lookup 76a5f51399c92429 -> df529ce4184be596 Succeeded 3 0.009976
52.207.49.41:8888 2017/05/16 04:12:58 Lookup 76a5f51399c92429 -> df6c5958eb226f7a Succeeded 3 0.004654
52.207.49.41:8888 2017/05/16 04:12:58 Lookup 76a5f51399c92429 -> 4395a5a316e34fe0 Succeeded 3 0.005506
52.207.49.41:8888 2017/05/16 04:12:58 Lookup 76a5f51399c92429 -> 830841d118e963d0 Succeeded 2 0.003082
52.207.49.41:8888 2017/05/16 04:12:58 Lookup 76a5f51399c92429 -> d6a91613799a1235 Succeeded 4 0.007020
52.207.49.41:8888 2017/05/16 04:12:58 Lookup 76a5f51399c92429 -> f517735e92367ac4 Succeeded 4 0.006652
