54.158.105.142:8888 2017/05/16 04:12:58 Lookup aad55d9f813cc702 -> ad00e0ee0ba63692 Succeeded 2 0.004456
54.158.105.142:8888 2017/05/16 04:12:58 Lookup aad55d9f813cc702 -> 2de24a54e2fca68d Succeeded 2 0.003615
54.158.105.142:8888 2017/05/16 04:12:58 Lookup aad55d9f813cc702 -> cd11cd12454c3de0 Succeeded 3 0.006930
54.158.105.142:8888 2017/05/16 04:12:58 Lookup aad55d9f813cc702 -> 9b8f3314b4565352 Succeeded 5 0.015267
54.158.105.142:8888 2017/05/16 04:12:58 Lookup aad55d9f813cc702 -> df529ce4184be596 Succeeded 4 0.005943
54.158.105.142:8888 2017/05/16 04:12:58 Lookup aad55d9f813cc702 -> df6c5958eb226f7a Succeeded 4 0.009214
54.158.105.142:8888 2017/05/16 04:12:58 Lookup aad55d9f813cc702 -> 4395a5a316e34fe0 Succeeded 3 0.004859
54.158.105.142:8888 2017/05/16 04:12:58 Lookup aad55d9f813cc702 -> 830841d118e963d0 Succeeded 5 0.007646
54.158.105.142:8888 2017/05/16 04:12:58 Lookup aad55d9f813cc702 -> f517735e92367ac4 Succeeded 2 0.002844
54.158.105.142:8888 2017/05/16 04:12:58 Lookup aad55d9f813cc702 -> 32e9db5017879183 Succeeded 3 0.004270
54.158.105.142:8888 2017/05/16 04:12:58 Lookup aad55d9f813cc702 -> e77bff8764562c9e Succeeded 4 0.010647
54.158.105.142:8888 2017/05/16 04:12:58 Lookup aad55d9f813cc702 -> d42cc689a53b74c6 Succeeded 3 0.006586
54.158.105.142:8888 2017/05/16 04:12:58 Lookup aad55d9f813cc702 -> 1f322565ffdab119 Succeeded 4 0.007046
54.158.105.142:8888 2017/05/16 04:12:58 Lookup aad55d9f813cc702 -> e7aec2cd35692666 Succeeded 4 0.010828
54.158.105.142:8888 2017/05/16 04:12:58 Lookup aad55d9f813cc702 -> 5e9bca34ce92050e Succeeded 4 0.007935
54.158.105.142:8888 2017/05/16 04:12:58 Lookup aad55d9f813cc702 -> 50c47ad4a7067344 Succeeded 4 0.005415
