34.207.180.97:8888 2017/05/16 04:12:58 Lookup 2a2a8ce916406907 -> cd11cd12454c3de0 Succeeded 4 0.006453
34.207.180.97:8888 2017/05/16 04:12:58 Lookup 2a2a8ce916406907 -> 9b8f3314b4565352 Succeeded 4 0.007781
34.207.180.97:8888 2017/05/16 04:12:58 Lookup 2a2a8ce916406907 -> df6c5958eb226f7a Succeeded 5 0.009628
34.207.180.97:8888 2017/05/16 04:12:58 Lookup 2a2a8ce916406907 -> 4395a5a316e34fe0 Succeeded 2 0.006304
34.207.180.97:8888 2017/05/16 04:12:58 Lookup 2a2a8ce916406907 -> 830841d118e963d0 Succeeded 4 0.007915
34.207.180.97:8888 2017/05/16 04:12:58 Lookup 2a2a8ce916406907 -> d6a91613799a1235 Succeeded 4 0.007982
34.207.180.97:8888 2017/05/16 04:12:58 Lookup 2a2a8ce916406907 -> f517735e92367ac4 Succeeded 3 0.004484
34.207.180.97:8888 2017/05/16 04:12:58 Lookup 2a2a8ce916406907 -> 32e9db5017879183 Succeeded 2 0.003170
34.207.180.97:8888 2017/05/16 04:12:58 Lookup 2a2a8ce916406907 -> e77bff8764562c9e Succeeded 5 0.006648
34.207.180.97:8888 2017/05/16 04:12:58 Lookup 2a2a8ce916406907 -> d42cc689a53b74c6 Succeeded 4 0.008799
34.207.180.97:8888 2017/05/16 04:12:58 Lookup 2a2a8ce916406907 -> 1f322565ffdab119 Succeeded 5 0.011864
34.207.180.97:8888 2017/05/16 04:12:58 Lookup 2a2a8ce916406907 -> e7aec2cd35692666 Succeeded 5 0.009805
34.207.180.97:8888 2017/05/16 04:12:58 Lookup 2a2a8ce916406907 -> 50c47ad4a7067344 Succeeded 3 0.008743
34.207.180.97:8888 2017/05/16 04:12:58 Lookup 2a2a8ce916406907 -> 02487b5c068b7d66 Succeeded 4 0.010058
34.207.180.97:8888 2017/05/16 04:12:58 Lookup 2a2a8ce916406907 -> 249180103d420cc9 Succeeded 0 0.000009
34.207.180.97:8888 2017/05/16 04:12:58 Lookup 2a2a8ce916406907 -> 1ac528979faebfdb Succeeded 5 0.007253
