54.196.111.209:8888 2017/05/14 21:30:25 Lookup bfd8aaf00305e657 -> 1d82c215f6fc7e39 Succeeded 4 0.005615
54.196.111.209:8888 2017/05/14 21:30:25 Lookup bfd8aaf00305e657 -> 8efe5132803b474a Succeeded 4 0.004683
54.196.111.209:8888 2017/05/14 21:30:25 Lookup bfd8aaf00305e657 -> b696ac6ab0903b65 Succeeded 6 0.008219
54.196.111.209:8888 2017/05/14 21:30:25 Lookup bfd8aaf00305e657 -> d97133293c93db4e Succeeded 3 0.004231
54.196.111.209:8888 2017/05/14 21:30:25 Lookup bfd8aaf00305e657 -> e53de7029d4d65b2 Succeeded 4 0.005927
54.196.111.209:8888 2017/05/14 21:30:25 Lookup bfd8aaf00305e657 -> 986de0980cbf4389 Succeeded 5 0.005809
54.196.111.209:8888 2017/05/14 21:30:25 Lookup bfd8aaf00305e657 -> ad5e3463ac81f7f5 Succeeded 4 0.004863
54.196.111.209:8888 2017/05/14 21:30:25 Lookup bfd8aaf00305e657 -> bc4e3ec737030542 Succeeded 6 0.007765
54.196.111.209:8888 2017/05/14 21:30:25 Lookup bfd8aaf00305e657 -> d2d4cf8fbe651791 Succeeded 3 0.004320
54.196.111.209:8888 2017/05/14 21:30:25 Lookup bfd8aaf00305e657 -> 31c1e15b9dbc02bf Succeeded 5 0.007473
54.196.111.209:8888 2017/05/14 21:30:25 Lookup bfd8aaf00305e657 -> c0d3c4d1f7d50760 Succeeded 1 0.001192
54.196.111.209:8888 2017/05/14 21:30:25 Lookup bfd8aaf00305e657 -> d73b6f2cffa673cc Succeeded 3 0.004544
54.196.111.209:8888 2017/05/14 21:30:25 Lookup bfd8aaf00305e657 -> 29f7c0b2d1781c50 Succeeded 4 0.006834
54.196.111.209:8888 2017/05/14 21:30:25 Lookup bfd8aaf00305e657 -> 0beb8dbbfeefa936 Succeeded 3 0.004351
54.196.111.209:8888 2017/05/14 21:30:25 Lookup bfd8aaf00305e657 -> a401b64ef1a7192b Succeeded 5 0.010235
54.196.111.209:8888 2017/05/14 21:30:25 Lookup bfd8aaf00305e657 -> d0baf0c37a400586 Succeeded 3 0.004803
