34.201.216.12:8888 2017/05/14 21:30:25 Lookup 3b131aeff5f3533d -> e21f656f0722914a Succeeded 4 0.009957
34.201.216.12:8888 2017/05/14 21:30:25 Lookup 3b131aeff5f3533d -> 7ac6ef502b920957 Succeeded 4 0.006548
34.201.216.12:8888 2017/05/14 21:30:25 Lookup 3b131aeff5f3533d -> 746a29939a7ca12d Succeeded 4 0.008663
34.201.216.12:8888 2017/05/14 21:30:25 Lookup 3b131aeff5f3533d -> 0bc9836f61380541 Succeeded 4 0.009749
34.201.216.12:8888 2017/05/14 21:30:25 Lookup 3b131aeff5f3533d -> 8a684b7884064ae3 Succeeded 3 0.007782
34.201.216.12:8888 2017/05/14 21:30:25 Lookup 3b131aeff5f3533d -> 6ff78f34db319055 Succeeded 3 0.007813
34.201.216.12:8888 2017/05/14 21:30:25 Lookup 3b131aeff5f3533d -> e80512e3aecbbb59 Succeeded 5 0.008288
34.201.216.12:8888 2017/05/14 21:30:25 Lookup 3b131aeff5f3533d -> 61c0dac737ec4929 Succeeded 3 0.006274
34.201.216.12:8888 2017/05/14 21:30:25 Lookup 3b131aeff5f3533d -> 73a1b2162567faeb Succeeded 4 0.010237
34.201.216.12:8888 2017/05/14 21:30:25 Lookup 3b131aeff5f3533d -> 7c2e343c08734ab5 Succeeded 4 0.010032
34.201.216.12:8888 2017/05/14 21:30:25 Lookup 3b131aeff5f3533d -> 7fa1b4e15e2dc712 Succeeded 4 0.007351
34.201.216.12:8888 2017/05/14 21:30:25 Lookup 3b131aeff5f3533d -> 26ef7c0b6d88d4b7 Succeeded 5 0.008901
34.201.216.12:8888 2017/05/14 21:30:25 Lookup 3b131aeff5f3533d -> 16d0af05aab426dd Succeeded 5 0.009497
34.201.216.12:8888 2017/05/14 21:30:25 Lookup 3b131aeff5f3533d -> 0615b463d99a4c81 Succeeded 4 0.006633
34.201.216.12:8888 2017/05/14 21:30:25 Lookup 3b131aeff5f3533d -> 67b3fc7899585fb4 Succeeded 3 0.005283
34.201.216.12:8888 2017/05/14 21:30:25 Lookup 3b131aeff5f3533d -> 37ada2abd1c5b630 Succeeded 0 0.000004
