54.173.83.61:8888 2017/05/14 21:30:25 Lookup e446ed9a392b7a03 -> 65154a50b76ac90d Succeeded 5 0.007768
54.173.83.61:8888 2017/05/14 21:30:25 Lookup e446ed9a392b7a03 -> 56cc0e8285c70f69 Succeeded 4 0.006380
54.173.83.61:8888 2017/05/14 21:30:25 Lookup e446ed9a392b7a03 -> e2591f38a68cbe05 Succeeded 6 0.006436
54.173.83.61:8888 2017/05/14 21:30:25 Lookup e446ed9a392b7a03 -> e30b2dd211dcbcf2 Succeeded 0 0.000004
54.173.83.61:8888 2017/05/14 21:30:25 Lookup e446ed9a392b7a03 -> 66a922a1ed89bb63 Succeeded 5 0.011002
54.173.83.61:8888 2017/05/14 21:30:25 Lookup e446ed9a392b7a03 -> 645f8da32fec8786 Succeeded 5 0.007936
54.173.83.61:8888 2017/05/14 21:30:25 Lookup e446ed9a392b7a03 -> 168a7e6683144371 Succeeded 3 0.003826
54.173.83.61:8888 2017/05/14 21:30:25 Lookup e446ed9a392b7a03 -> 33acc8ed9c43fa08 Succeeded 3 0.005614
54.173.83.61:8888 2017/05/14 21:30:25 Lookup e446ed9a392b7a03 -> 5cb2660c6515fcda Succeeded 6 0.008030
54.173.83.61:8888 2017/05/14 21:30:25 Lookup e446ed9a392b7a03 -> 0ea51b001e995187 Succeeded 3 0.003396
54.173.83.61:8888 2017/05/14 21:30:25 Lookup e446ed9a392b7a03 -> 736478ad4f14d5c5 Succeeded 4 0.005831
54.173.83.61:8888 2017/05/14 21:30:25 Lookup e446ed9a392b7a03 -> 6d424d2bf69027ea Succeeded 2 0.003630
54.173.83.61:8888 2017/05/14 21:30:25 Lookup e446ed9a392b7a03 -> e109b9d4676f1071 Succeeded 6 0.008937
54.173.83.61:8888 2017/05/14 21:30:25 Lookup e446ed9a392b7a03 -> d2f778e501b28176 Succeeded 6 0.008435
54.173.83.61:8888 2017/05/14 21:30:25 Lookup e446ed9a392b7a03 -> cdaa47e32a8d244c Succeeded 5 0.005659
54.173.83.61:8888 2017/05/14 21:30:25 Lookup e446ed9a392b7a03 -> c5091f9c53beafb2 Succeeded 5 0.006049
