54.83.156.162:8888 2017/05/16 04:12:58 Lookup 93020fba6dab547c -> ce06b048ac7552ad Succeeded 3 0.006352
54.83.156.162:8888 2017/05/16 04:12:58 Lookup 93020fba6dab547c -> c91be3104180100d Succeeded 4 0.007563
54.83.156.162:8888 2017/05/16 04:12:58 Lookup 93020fba6dab547c -> c5e7ad9ee4955b6e Succeeded 4 0.008485
54.83.156.162:8888 2017/05/16 04:12:58 Lookup 93020fba6dab547c -> 828fb11741fdc848 Succeeded 7 0.015324
54.83.156.162:8888 2017/05/16 04:12:58 Lookup 93020fba6dab547c -> c5de7240f964c0e6 Succeeded 4 0.010636
54.83.156.162:8888 2017/05/16 04:12:58 Lookup 93020fba6dab547c -> 3da16079f58f5418 Succeeded 5 0.009558
54.83.156.162:8888 2017/05/16 04:12:58 Lookup 93020fba6dab547c -> c7026f067b441b94 Succeeded 4 0.017064
54.83.156.162:8888 2017/05/16 04:12:58 Lookup 93020fba6dab547c -> c45af15ac576efc7 Succeeded 3 0.011898
54.83.156.162:8888 2017/05/16 04:12:58 Lookup 93020fba6dab547c -> 6a3ec1ddc1791952 Succeeded 7 0.012646
54.83.156.162:8888 2017/05/16 04:12:58 Lookup 93020fba6dab547c -> ad00e0ee0ba63692 Succeeded 4 0.009556
54.83.156.162:8888 2017/05/16 04:12:58 Lookup 93020fba6dab547c -> 2de24a54e2fca68d Succeeded 5 0.009012
54.83.156.162:8888 2017/05/16 04:12:58 Lookup 93020fba6dab547c -> 9b8f3314b4565352 Succeeded 2 0.006589
54.83.156.162:8888 2017/05/16 04:12:58 Lookup 93020fba6dab547c -> df529ce4184be596 Succeeded 3 0.005488
54.83.156.162:8888 2017/05/16 04:12:58 Lookup 93020fba6dab547c -> 4395a5a316e34fe0 Succeeded 5 0.008242
54.83.156.162:8888 2017/05/16 04:12:58 Lookup 93020fba6dab547c -> 830841d118e963d0 Succeeded 7 0.010011
54.83.156.162:8888 2017/05/16 04:12:58 Lookup 93020fba6dab547c -> d6a91613799a1235 Succeeded 2 0.003763
