52.206.156.10:8888 2017/05/14 21:30:25 Lookup 2eb9f918d8680bd3 -> 29f7c0b2d1781c50 Succeeded 6 0.008350
52.206.156.10:8888 2017/05/14 21:30:25 Lookup 2eb9f918d8680bd3 -> 0beb8dbbfeefa936 Succeeded 5 0.006757
52.206.156.10:8888 2017/05/14 21:30:25 Lookup 2eb9f918d8680bd3 -> a401b64ef1a7192b Succeeded 5 0.009811
52.206.156.10:8888 2017/05/14 21:30:25 Lookup 2eb9f918d8680bd3 -> d0baf0c37a400586 Succeeded 5 0.008324
52.206.156.10:8888 2017/05/14 21:30:25 Lookup 2eb9f918d8680bd3 -> 58d8d53fc2589666 Succeeded 2 0.002373
52.206.156.10:8888 2017/05/14 21:30:25 Lookup 2eb9f918d8680bd3 -> d07840d3041bbe71 Succeeded 5 0.006711
52.206.156.10:8888 2017/05/14 21:30:25 Lookup 2eb9f918d8680bd3 -> f4aa0d9124d82e67 Succeeded 3 0.004149
52.206.156.10:8888 2017/05/14 21:30:25 Lookup 2eb9f918d8680bd3 -> 12b0172a8833adec Succeeded 6 0.007871
52.206.156.10:8888 2017/05/14 21:30:25 Lookup 2eb9f918d8680bd3 -> e33e9e382bfd7a06 Succeeded 4 0.005670
52.206.156.10:8888 2017/05/14 21:30:25 Lookup 2eb9f918d8680bd3 -> b0fa83d83d183358 Succeeded 3 0.006441
52.206.156.10:8888 2017/05/14 21:30:25 Lookup 2eb9f918d8680bd3 -> 7ac27f468f620510 Succeeded 3 0.004413
52.206.156.10:8888 2017/05/14 21:30:25 Lookup 2eb9f918d8680bd3 -> 91d87bac605d7e0f Succeeded 3 0.005707
52.206.156.10:8888 2017/05/14 21:30:25 Lookup 2eb9f918d8680bd3 -> 8330fe179832f405 Succeeded 6 0.011490
52.206.156.10:8888 2017/05/14 21:30:25 Lookup 2eb9f918d8680bd3 -> 44b797a4f8403a7b Succeeded 2 0.002077
52.206.156.10:8888 2017/05/14 21:30:25 Lookup 2eb9f918d8680bd3 -> 7e486a3d87d2ed93 Succeeded 3 0.003747
52.206.156.10:8888 2017/05/14 21:30:25 Lookup 2eb9f918d8680bd3 -> 5ddfee2006b8ebd4 Succeeded 4 0.004516
