54.165.61.233:8888 2017/05/14 21:30:25 Lookup bdfd2699e51a38c5 -> a328b221e94d613b Succeeded 6 0.011365
54.165.61.233:8888 2017/05/14 21:30:25 Lookup bdfd2699e51a38c5 -> eeb042dbdf209fe9 Succeeded 5 0.005998
54.165.61.233:8888 2017/05/14 21:30:25 Lookup bdfd2699e51a38c5 -> d933be89592728dc Succeeded 4 0.004666
54.165.61.233:8888 2017/05/14 21:30:25 Lookup bdfd2699e51a38c5 -> 5880a19164a6a0c0 Succeeded 3 0.003298
54.165.61.233:8888 2017/05/14 21:30:25 Lookup bdfd2699e51a38c5 -> b916aa66611f7d54 Succeeded 6 0.007864
54.165.61.233:8888 2017/05/14 21:30:25 Lookup bdfd2699e51a38c5 -> c5c62d7226988a40 Succeeded 2 0.003319
54.165.61.233:8888 2017/05/14 21:30:25 Lookup bdfd2699e51a38c5 -> f6bfe95a5ef03c24 Succeeded 5 0.005629
54.165.61.233:8888 2017/05/14 21:30:25 Lookup bdfd2699e51a38c5 -> 2a4592fc00182a3c Succeeded 4 0.007139
54.165.61.233:8888 2017/05/14 21:30:25 Lookup bdfd2699e51a38c5 -> 210b3a4e2f2eaed4 Succeeded 4 0.004398
54.165.61.233:8888 2017/05/14 21:30:25 Lookup bdfd2699e51a38c5 -> b3ac8a21be002c86 Succeeded 6 0.007073
54.165.61.233:8888 2017/05/14 21:30:25 Lookup bdfd2699e51a38c5 -> 905c9b6c525bae07 Succeeded 4 0.004885
54.165.61.233:8888 2017/05/14 21:30:25 Lookup bdfd2699e51a38c5 -> 0b80893296ed74be Succeeded 3 0.004483
54.165.61.233:8888 2017/05/14 21:30:25 Lookup bdfd2699e51a38c5 -> 1a8d583d45afdc1d Succeeded 3 0.007281
54.165.61.233:8888 2017/05/14 21:30:25 Lookup bdfd2699e51a38c5 -> b72bcbb8f4eb0d98 Succeeded 6 0.007349
54.165.61.233:8888 2017/05/14 21:30:25 Lookup bdfd2699e51a38c5 -> ae470dfc535f9680 Succeeded 4 0.004002
54.165.61.233:8888 2017/05/14 21:30:25 Lookup bdfd2699e51a38c5 -> 64f9f066b812f48b Succeeded 4 0.005991
