204.236.252.178:8888 2017/05/14 21:30:25 Lookup d2277e0078388397 -> 7fa1b4e15e2dc712 Succeeded 3 0.008018
204.236.252.178:8888 2017/05/14 21:30:25 Lookup d2277e0078388397 -> 16d0af05aab426dd Succeeded 5 0.009094
204.236.252.178:8888 2017/05/14 21:30:25 Lookup d2277e0078388397 -> 0615b463d99a4c81 Succeeded 3 0.004644
204.236.252.178:8888 2017/05/14 21:30:25 Lookup d2277e0078388397 -> 67b3fc7899585fb4 Succeeded 3 0.006515
204.236.252.178:8888 2017/05/14 21:30:25 Lookup d2277e0078388397 -> 1834fa49d0b0c7ba Succeeded 5 0.011359
204.236.252.178:8888 2017/05/14 21:30:25 Lookup d2277e0078388397 -> 0344078e642a65de Succeeded 4 0.006572
204.236.252.178:8888 2017/05/14 21:30:25 Lookup d2277e0078388397 -> a79af3e1b571380f Succeeded 5 0.008793
204.236.252.178:8888 2017/05/14 21:30:25 Lookup d2277e0078388397 -> 99289c41e38b22b0 Succeeded 6 0.011477
204.236.252.178:8888 2017/05/14 21:30:25 Lookup d2277e0078388397 -> de49840bc90e5c52 Succeeded 2 0.004729
204.236.252.178:8888 2017/05/14 21:30:25 Lookup d2277e0078388397 -> cd4edfc5aa5da312 Succeeded 7 0.010410
204.236.252.178:8888 2017/05/14 21:30:25 Lookup d2277e0078388397 -> 9b58a7fc5d0606c4 Succeeded 4 0.006531
204.236.252.178:8888 2017/05/14 21:30:25 Lookup d2277e0078388397 -> d88bd6c8df095d8c Succeeded 2 0.003728
204.236.252.178:8888 2017/05/14 21:30:25 Lookup d2277e0078388397 -> cfcfa8d5ec5fe107 Succeeded 0 0.000004
204.236.252.178:8888 2017/05/14 21:30:25 Lookup d2277e0078388397 -> f8f4778ef696f2d3 Succeeded 2 0.003893
204.236.252.178:8888 2017/05/14 21:30:25 Lookup d2277e0078388397 -> db6f6404c5dcdc43 Succeeded 2 0.003345
204.236.252.178:8888 2017/05/14 21:30:25 Lookup d2277e0078388397 -> e501a0dce1f19650 Succeeded 3 0.004353
